10073
10328
10357
10588
10724
11602
11606
11760
11777
12468
12754
13388
13587
14347
15198
15802
16441
17130
187473
18803
19001
19770
199908
19996
19997
19999
201613
20322
20490
20560
20728
20782
21310
22183
22552
22768
23017
24530
25424
27754
28711
28723
29106
29752
30892
30918
30924
30930
31021
330886
331045
331706
331708
332678007
332678063
332690079
332787033
332876060
332879059
332882072
332924039
332926027
332927020
332927022
333197165
333199172
333200157
333211030
333252231
333252233
333252234
333259023
333260025
333261005
333261010
333262034
333263003
333264014
333265009
333265011
333266017
333266024
333274107
333280125
333288059
333288065
333298052
333299043
333320014
333322009
333322012
333323012
333325007
333325008
333365104
333368081
333370085
333371091
333925004
333925092
333940071
333978045
334374001
334374062
334414066
334414099
334419251
334457003
334457042
334469127
334484183
334507009
334517031
334530142
334539044
334557236
334563096
334566075
334567157
334568094
334580260
334580270
334912079
335070070
335089064
335100009
335116075
335585393
336032019
336186020
336206037
336214121
336225128
336226094
336227132
336230103
336289058
336290075
336306091
336307048
336307098
336307126
336308067
336309146
336315135
336315137
336361031
336415036
336425021
336431208
336433141
336437003
336464037
336465050
336469048
336551285
336553357
336554336
336668100
336674146
336681052
336684177
336689521
336689744
336690670
336691016
336691028
336691071
336693135
336807662
336910722
336913460
336991100
336994116
336996238
336997334
337024117
337029177
337069468
337070149
337070487
337087114
337088120
337091126
337091507
337130101
337130106
337130379
337133098
337134099
337149073
337158144
337158148
337164157
337195955
337196936
337196947
337197007
337198819
337199884
337199897
337200201
337200911
337202602
337202606
337202607
337202609
337202611
337202614
337202680
337202683
337202685
337202686
337255022
337258002
337267019
337269156
337269158
337269160
337269162
337269164
337269166
337269168
337269170
337303369
337309360
337355062
337361170
337364098
337393223
337395213
337396214
337409246
337414049
337444332
337446240
337551121
337556129
337652666
337663086
337664000
337690003
337690006
337694004
337811607
337814312
337814315
337828034
337828221
337828223
337845888
337846693
337851297
337853896
337863790
337863825
337865499
337865946
337870227
337870356
337890037
337890077
337890081
337907802
337910860
337910999
337911295
337911608
337916218
337917155
337918259
337932117
337934083
337987424
338002400
338062121
338138121
338140001
338140081
338145087
338153103
338166089
338192047
338194596
338194597
338194599
338194600
338197051
338200403
338233168
338234425
338236106
338254276
338255256
338259254
338267478
338267488
338267500
338267553
338270272
338274064
338274186
338293078
338293094
338299091
338301114
338316149
338317089
338331490
338332031
338332111
338334484
338335502
338338073
338338103
338358081
338365022
338371065
338372385
338374355
338376008
338376449
338379113
338379194
338392229
338393143
338393376
338395216
338396024
338414071
338441125
338445231
338467000
338468877
338468894
338482389
338496147
338505052
338508083
338538003
338540052
338543054
338543056
338554059
338561165
338581096
338589378
338595004
338678223
338679237
338681107
338681568
338683141
338685514
338977185
338980008
338983194
338986074
339003097
339003103
339004124
339005086
339006072
339006078
339008064
339008085
339009038
339032029
339040038
339043186
339045027
339045036
339198280
339202101
339204281
339205268
339214419
339215398
339220380
339221432
339244303
339245009
339246013
339246260
339262259
339269101
339272135
339275342
339276385
339279047
339280106
339283373
339283376
339290311
339324967
339324970
339324971
339324975
339327055
339327903
339330108
339332071
339332100
339336040
339357127
339362177
339368020
339370008
339390080
339391001
339391059
339403028
339406215
339410041
339410197
339414715
339420086
339420135
339519086
339742107
339753339
339756020
339756099
339761067
339762125
339766795
339781086
339783050
339784070
339785085
339787085
339820251
339820278
339820295
339821341
339825337
339848050
339849025
339850081
339854060
339855132
339856162
339861085
339866160
339881103
339897065
339897076
340143245
340146086
340148090
340158002
340161109
340166127
340170097
340172016
340174192
340224002
340247446
340249962
340250482
340250507
340251010
340251013
340251340
340252172
340253473
340253986
340254266
340255469
340255470
340261166
340261171
340269080
340270077
340273478
340287909
340293082
340293192
340294215
340319054
340329008
340329087
340380059
340383091
340385025
340386014
340386099
340389019
340398110
340403028
340407110
340407225
340415250
340417202
340445015
340450248
340451212
340452095
340455076
340458011
340458047
340458545
340467049
340472126
340472127
340472128
340472129
340472130
340472131
340472132
340472133
340472134
340472135
340472136
340472137
340472138
340472139
340472140
340472141
340472142
340472143
340472144
340472145
340472146
340472147
340472148
340472150
340472151
340472152
340472153
340472154
340472155
340472156
340472157
340472158
340472159
340472160
340472161
340484109
340497231
340497232
340530065
340530279
340531263
340532038
340533229
340533250
340534105
340534217
340543419
340547051
340548367
340550257
340550356
340550364
340551066
340551320
340552188
340558154
340559162
340559164
340570210
340572389
340575301
340578257
340578380
340580229
340580230
340580232
340580233
340583490
340583491
340583492
340584064
340590137
340593099
340609256
340609276
340610024
340613119
340614113
340615035
340618138
340621354
340625127
340626090
340628116
340633010
340652215
340656027
340674118
340674133
340681121
340681132
340685648
340685649
340685654
340693061
340697076
340697081
340697082
340697083
340697084
340697117
340700116
340703095
340705186
340706122
340706135
340707116
340707136
340708707
340740314
340750467
340752157
340752462
340753491
340754245
340755316
340768020
340768255
340772158
340776107
340776207
340783036
340796114
340797057
340798010
340800236
340802009
340809210
340809213
340814020
340819124
340819469
340820481
340821021
340823168
340824048
340824056
340824065
340824066
340825528
340828154
340830017
340830018
340833372
340839109
340842223
340847034
340848047
340848074
340860124
340876027
340876087
340882152
340884042
340884043
340884044
340890045
340903015
340924359
340933314
340933449
340935287
340937326
340983028
341254179
341254194
341256151
341256180
341278003
341292020
341309137
341315127
341316022
341369330
341372110
341378327
341379088
341380075
341448043
341449013
341460185
341462199
341469041
341476109
341477253
341482029
341482057
341483119
341485016
341485023
341507000
341507125
341507126
341507127
341507129
341507130
341518594
341519068
341522325
341524289
341527253
341528101
341528119
341530855
341533005
341533007
341533093
341553079
341555113
341564077
341565420
341565468
341565476
341565482
341566085
341566118
341568179
341569110
341569125
341572132
341573056
341701044
341703018
341708013
341708014
341710053
341727078
341737006
341769130
341770240
341771482
341772101
341772265
341772413
341773305
341775448
341778534
341778977
341779122
341779360
341780132
341780483
341781499
341782039
341791098
341792504
341792507
341798816
341798841
341798844
341798848
341801089
341802194
341807837
341807838
341807839
341807840
341808011
341808095
341808098
341808099
341811010
341813204
341814932
341815390
341816334
341816493
341821602
341822277
341831704
341837093
341842044
341854133
341857128
341865118
341870892
341898005
341905067
341907009
341907068
341907076
341907103
341907143
341936065
341967035
342002075
342002133
342045100
342051126
342056011
342057116
342057122
342058134
342067992
342074226
342074227
342074228
342074229
342078013
342080126
342082168
342082177
342087135
342101114
342104169
342107104
342107119
342107143
342110502
342118318
342121294
342122295
342125061
342126217
342127203
342128328
342129350
342131363
342132284
342139032
342146015
342146069
342151110
342152059
342153005
342160026
342185026
342191083
342192058
342208076
342208309
342212148
342212364
342225047
342232261
342245523
342252146
342253164
342253195
342254160
342256150
342258056
342264037
342270010
342270012
342270013
342270014
342270015
342270016
342270017
342270018
342270019
342270020
342270021
342270022
342270023
342274104
342283072
342294008
342295187
342295188
342296014
342296018
342296029
342297103
342297107
342300064
342301002
342301096
342302000
342302012
342304097
342308159
342311004
342312099
342319131
342319548
342320110
342321729
342324006
342326041
342326096
342326098
342329059
342329090
342334113
342340355
342342606
342343496
342348955
342349001
342351580
342352354
342354934
342355610
342379515
342393132
342394248
342400179
342403054
342405082
342405083
342407015
342413027
342506891
342506918
342514050
342530030
342652128
342653007
342653075
342653077
342658007
342659160
342660212
342661208
342667238
342667239
342685006
342688295
342690207
342692084
342697519
342697559
342712014
342718114
342721085
342723075
342725083
342725131
342776043
342777038
342777040
342785010
342785046
342785047
342798051
342804039
342814408
342814411
342818067
342825171
342826130
342831000
342833162
342833163
342834053
342840045
342846236
342846237
342850005
342855084
342856085
342868124
342872157
342882099
342883161
342884044
342884078
342915063
342925079
342928068
342937082
342951072
342954248
342971239
342971240
342971241
342971242
342971243
342971244
342971245
342971246
342979018
342979019
342979022
342979023
342979055
342981002
342982014
342983020
342984019
342984021
342988009
342988010
342991147
342991154
342992523
342992540
342997067
343001327
343003086
343018300
343018301
343024027
343026178
343026386
343026387
343026388
343026389
343026390
343026391
343026392
343026394
343026397
343026398
343026399
343026401
343026402
343026403
343026404
343026405
343026406
343026408
343052190
343052201
343055389
343062104
343062120
343063059
343065136
343068092
343072873
343076271
343080161
343080162
343089211
343089214
343089215
343089219
343089392
343090066
343090220
343091061
343091069
343092024
343101018
343101019
343101094
343102061
343104061
343106001
343107019
343118044
343123024
343133255
343145379
343145390
343150045
343150080
343160000
343165054
343180196
343185091
343187016
343190062
343193042
343209419
343211167
343212354
343214511
343215130
343215219
343218197
343233079
343238012
343238095
343239098
343240063
343241081
343241134
343242066
343242068
343245108
343245109
343245110
343245111
343245113
343245114
343250069
343252022
343252055
343253046
343269131
343272057
343286031
343286115
343287076
343299011
343326071
343327173
343327174
343342052
343387033
343395078
343403360
343403361
343408060
343409002
343409003
343409005
343409006
343409007
343412044
343412084
343414010
343414094
343415075
343416049
343418009
343419004
343422470
343424054
343424108
343424287
343425310
343426262
343426313
343428062
343429286
343429288
343429289
343430249
343431249
343431254
343432291
343432326
343434255
343436266
343436267
343436268
343436272
343436319
343437647
343437648
343438262
343438263
343438264
343438265
343438275
343440269
343442236
343471002
343476045
343477014
343477111
343478000
343479072
343480057
343486038
343493131
343495159
343497238
343502072
343503146
343504150
343506229
343507118
343512137
343520020
343523051
343523052
343523053
343526015
343533047
343537083
343552127
343553066
343554099
343554193
343554301
343555194
343556056
343556147
343556289
343571066
343588074
343588075
343588076
343599121
343605046
343605052
343605060
343605106
343607125
343621005
343629295
343629677
343629694
343630037
343631018
343633011
343633113
343633304
343639003
343639005
343640007
343648078
343648086
343656914
343662409
343668412
343703082
343707039
343715011
343716009
343717012
343718001
343718002
343718003
343718004
343727779
343730321
343730465
343732131
343732132
343737666
343738787
343739285
343739438
343745625
343769097
343780072
343783007
343803020
343804010
343807178
343815000
343828036
343828142
343828179
343828194
343844012
343846013
343846014
343847096
343847189
343849142
343849143
343852086
343860019
343873768
343877480
343889011
343897133
343901051
343901111
343902027
343905300
343907060
343910259
343913062
343913076
343915146
343920030
343921378
343921379
343923063
343927005
343932002
343933111
343936030
343936031
343937001
343948146
343952085
343954109
343965082
343971003
343972051
343973240
343975044
343981125
344009163
344012101
344013137
344014149
344020028
344022214
344024026
344048143
344050097
344053093
344056008
344058029
344058077
344061109
344063056
344063103
344064029
344076033
344076161
344077116
344087059
344092003
344095013
344098114
344098139
344100096
344102146
344125051
344128052
344130140
344135050
344143002
344143003
344148262
344149052
344151213
344163185
344164317
344168068
344170075
344174032
344174120
344177042
344191546
344191548
344192002
344192486
344199644
344200436
344209200
344231279
344231280
344238076
344240148
344262579
344262581
344265449
344273029
344279840
344282072
344288481
344290579
344293621
344293807
344293921
344294636
344296635
344298329
344298332
344298562
344301640
344303511
344311010
344316875
344319636
344322609
344328778
344332249
344333031
344338112
344340868
344342064
344342834
344345112
344371000
344372061
344374414
344378361
344383024
344386070
344386164
344397004
344413042
344453877
344458408
344493562
344534946
344560559
344566242
344566243
344589961
344592691
344594431
344594464
344595462
344597057
344597242
344598380
344598382
344598477
344600140
344600264
344601282
344602332
344603311
344618113
344620030
344621028
344622061
344633004
344637289
344639228
344642175
344643287
344644028
344647265
344651011
344653009
344653011
344698557
344699010
344699126
344711000
344711001
344741541
344747636
344748721
344755208
344756502
344758023
344761706
344764172
344764454
344774918
344812968
344816456
344820194
344863468
344870590
344896207
344898170
344912062
344912064
344952362
345067990
345103550
345122528
345123536
345138547
345173280
345173381
345175258
345177202
345181208
345182030
345182033
345188082
345188083
345191049
345191079
345193048
345193089
345193090
345193092
345193119
345194087
345195079
345202081
345208370
345208371
345214023
345227062
345228053
345228068
345228071
345234043
345237056
345237067
345237076
345239076
345239078
345239079
345240094
345241001
345249121
345254086
345255013
345258070
345277555
345278164
345278665
345285512
345285634
345286122
345289000
345289001
345292068
345293022
345294443
345300372
345310505
345319090
345321154
345376235
345386015
3454
345412729
345417722
345417772
345419858
345427447
345427620
345427621
345427623
345427624
345432994
345432995
345439450
345439451
345439825
345461903
345464326
345464659
345466158
345473087
345474125
345474134
345474135
345477936
345478513
345479252
345480469
345480528
345480552
345481391
345483431
345485486
345487322
345488580
345504032
345504124
345506047
345510072
345511037
345511186
345511203
345514009
345514028
345517056
345519038
345528155
345528168
345528196
345529066
345529159
345531209
345532200
345533077
345534096
345535137
345535199
345566111
345566126
345569833
345573606
345574073
345579725
345580664
345580665
345581088
345581100
345585155
345585156
345588279
345589256
345589289
345590212
345591502
345594046
345594060
345598062
345598274
345600862
345643991
345645871
345647874
345647881
345649262
345655010
345705015
345707056
345708072
345710092
345732696
345733123
345735005
345737013
345750378
345753015
345755345
345757663
345759013
345759248
345759412
345760592
345761387
345761914
345761915
345762082
345763135
345763144
345764360
345764370
345768206
345768209
345768210
345768211
345768212
345768548
345770190
345770191
345770204
345771046
345771047
345795085
345814012
345814013
345814014
345814015
345814068
345815072
345817000
345817001
345848778
345850447
345850642
345856362
345857392
345868820
345873032
345873033
345873034
345873267
345874017
345877055
345879005
345885979
345888251
345889213
345896897
345898853
345899830
345923158
345926024
345929241
345932009
345940027
345949617
345980978
345981594
345982394
345983964
345991207
346017333
346018135
346018170
346022076
346035386
346037606
346037626
346037628
346037631
346037634
346037635
346037636
346037639
346037640
346037641
346037643
346037646
346037648
346037651
346037652
346037654
346037657
346037658
346037659
346037663
346037665
346037666
346037667
346037668
346037670
346037671
346037672
346037673
346044635
346044883
346044884
346069203
346070070
346073193
346074156
346074280
346074596
346075072
346075088
346080257
346080302
346081061
346081227
346083646
346087188
346088534
346088535
346089563
346089564
346093113
346099054
346104782
346107021
346110655
346126605
346127558
346130431
346142078
346168940
346170653
346170844
346172878
346174514
346174647
346175563
346176355
346176747
346179082
346179204
346181590
346183073
346183464
346183536
346186005
346187181
346188037
346188781
346188782
346188793
346188795
346189660
346190614
346190985
346193270
346195760
346196905
346198995
346199776
346199993
346201735
346201744
346201799
346201947
346202618
346203402
346203545
346203708
346204272
346204328
346204343
346204614
346204684
346204709
346206444
346206469
346207281
346207388
346207509
346208220
346208339
346208590
346209120
346210024
346210104
346210430
346211369
346214258
346214426
346214430
346216188
346217029
346217107
346217325
346217408
346219039
346219103
346219156
346219192
346219361
346224447
346229228
346241016
346244057
346245234
346246002
346246006
346247243
346248004
346249051
346250028
346250063
346254015
346254099
346256022
346257075
346257081
346258289
346278077
346282771
346283820
346283954
346284000
346284938
346285402
346285587
346286753
346286754
346288000
346288447
346288452
346295555
346295892
346295903
346300836
346300837
346302720
346306268
346314054
346314119
346314140
346314144
346315039
346317133
346317135
346322166
346325002
346326128
346327261
346328127
346331010
346331483
346332131
346333003
346333005
346333463
346334006
346334152
346335094
346336038
346337006
346337440
346339354
346339356
346348004
346348452
346349024
346349036
346349167
346353651
346353659
346357006
346357354
346358201
346359323
346360014
346360115
346363214
346363215
346363216
346363351
346363372
346365238
346365496
346365511
346367037
346368147
346370337
346370421
346372135
346372142
346372352
346372353
346374002
346374003
346374114
346374208
346375785
346375786
346375789
346375790
346377181
346377182
346377183
346377184
346377185
346377186
346377187
346377188
346378046
346379224
346380179
346380184
346382103
346382370
346383376
346384239
346384240
346384241
346384242
346384667
346385085
346385086
346385103
346385345
346385346
346385347
346385348
346385351
346385353
346385354
346385356
346386110
346386111
346386112
346386178
346386180
346388187
346393354
346394169
346394170
346394358
346397000
346397177
346397483
346400436
346401224
346402396
346406388
346413080
346413323
346413324
346413325
346413328
346413329
346413330
346413331
346413333
346413335
346413336
346415732
346418138
346418139
346420995
346424016
346425376
346428168
346429087
346429162
346430094
346430167
346430196
346432189
346432194
346432232
346435057
346435180
346435183
346435187
346439152
346439157
346440033
346446012
346451469
346464007
346464298
346465500
346473656
346473657
346506262
346507000
346507193
346511042
346512100
346513151
346513343
346513344
346514115
346515085
346516177
346518054
346520005
346520025
346521030
346521116
346521134
346521135
346522253
346523132
346523365
346524093
346527027
346527649
346527825
346528128
346528625
346529059
346530138
346530581
346531013
346532346
346534095
346534696
346535311
346535312
346535313
346535314
346536244
346536697
346537016
346537021
346538064
346539036
346540053
346540625
346541164
346542100
346543049
346543054
346544063
346551671
346551672
346552816
346552817
346552831
346563224
346563369
346567067
346569189
346569243
346572232
346585031
346585034
346585155
346588016
346588136
346589040
346589041
346589154
346590094
346593196
346594223
346595080
346596041
346600121
346606291
346607222
346607267
346609206
346615122
346619043
346622005
346622034
346623170
346623171
346625000
346634856
346635133
346635707
346636019
346636333
346639050
346639282
346639309
346639355
346639396
346639667
346640042
346640159
346640254
346640773
346641077
346641127
346641346
346641675
346642089
346642289
346642911
346644197
346644354
346644356
346644555
346644650
346644741
346644754
346645016
346645288
346646012
346646757
346647035
346647550
346647551
346647552
346647553
346648208
346648739
346648830
346649029
346649153
346649223
346649664
346649901
346651376
346651382
346663712
346663713
346663714
346664275
346664278
346664823
346665156
346665158
346665159
346665166
346665168
346666277
346666279
346677499
346677768
346678525
346678603
346678860
346681287
346681512
346682373
346682443
346682445
346685442
346685450
346685669
346686146
346687638
346687678
346688344
346688421
346688431
346688916
346688965
346690595
346690597
346690635
346691448
346692165
346692167
346693480
346694592
346695468
346704137
346707072
346707073
346707395
346708040
346709014
346709015
346710220
346714129
346715069
346716081
346716100
346716453
346717066
346717580
346718078
346718080
346718181
346719035
346719209
346721628
346721629
346723016
346723397
346729163
346734253
346735179
346735197
346736000
346736019
346736088
346739176
346739201
346740129
346740206
346742853
346744177
346747044
346755063
346770424
346773044
346773381
346774485
346774533
346777421
346778041
346778418
346781453
346782386
346787287
346792442
346796304
346800228
346803293
346805011
346805012
346810183
346817138
346824141
346826191
346830091
346844158
346844160
346849153
346854127
346854170
346854218
346854245
346858193
346887010
346896394
346897046
346897200
346913423
346919185
346920372
346920416
346923402
346924377
346931044
346938598
346938615
346939622
346939637
346940027
346941002
346941636
346943271
346943475
346944012
346944702
346946035
346946638
346947570
346948010
346951839
346952557
346955667
346961218
346967804
346968079
346969013
346970051
346970151
346973215
346975524
346976010
346976699
346978206
346981149
346995033
346995035
346995052
346996013
346998272
347000055
347001850
347001851
347002008
347003254
347004169
347005005
347005088
347006208
347010006
347012148
347015438
347015440
347019076
347019078
347019080
347019081
347023111
347023120
347023136
347024296
347024302
347025378
347026052
347026155
347027051
347028081
347028135
347028136
347029403
347030084
347030091
347030272
347031055
347031323
347032049
347032051
347032286
347033240
347033242
347034356
347035228
347035279
347036073
347036347
347037017
347040160
347042230
347043010
347043803
347044008
347044018
347045117
347045131
347045744
347045746
347045784
347046128
347046151
347046824
347049649
347049650
347050836
347050918
347052166
347054097
347054112
347054692
347054739
347055005
347055061
347055160
347055161
347055162
347055187
347055834
347055840
347055988
347057001
347057009
347057117
347057801
347059172
347059174
347059744
347059749
347059941
347060001
347060828
347060833
347061365
347062006
347062818
347064612
347077327
347079254
347081085
347087110
347093069
347093097
347093130
347096803
347096804
347098006
347098061
347098070
347098243
347101918
347101919
347101920
347101921
347101922
347103029
347103227
347104183
347105083
347105147
347106094
347110515
347111518
347121163
347132685
347140942
347140943
347141623
347142573
347142844
347143864
347144491
347144550
347145459
347145461
347147111
347147395
347148206
347148207
347148208
347148209
347148885
347148886
347148887
347148888
347148889
347148890
347148891
347148892
347148923
347148924
347148925
347148926
347150000
347151000
347152004
347157628
347160053
347171175
347171178
347172358
347173354
347173363
347173386
347173390
347174026
347174324
347175094
347175298
347175299
347175309
347175311
347176360
347176387
347177022
347177024
347177030
347177185
347177306
347177376
347177410
347178003
347178812
347179017
347179086
347179476
347179486
347179544
347180447
347180827
347181402
347182035
347188886
347189240
347192720
347193157
347193718
347195004
347197777
347199594
347201033
347201834
347202465
347202691
347203094
347203726
347206683
347206687
347206690
347208026
347208734
347208832
347209553
347210596
347210597
347213510
347215575
347222461
347223058
347223081
347223118
347223145
347225244
347225921
347226041
347226205
347226612
347227026
347228044
347228226
347228350
347229054
347229837
347229890
347230057
347230137
347230511
347230615
347230826
347231017
347231613
347231617
347234226
347234477
347235117
347235208
347236049
347237202
347238045
347238128
347238734
347245479
347245517
347245518
347246185
347246471
347246472
347246473
347246623
347246940
347247017
347247323
347247325
347247326
347247327
347247328
347247374
347247385
347247386
347247387
347247388
347247389
347247390
347247514
347247515
347248233
347250222
347251051
347251055
347251859
347254294
347255084
347263273
347264002
347270013
347275252
347275302
347276050
347276138
347278230
347279050
347279162
347279166
347279168
347279347
347279405
347279416
347280047
347280054
347280328
347281047
347281282
347281290
347282184
347282367
347283066
347283144
347283254
347284223
347284234
347284332
347284341
347287056
347287218
347287255
347289085
347289296
347289332
347290600
347290601
347290602
347290603
347290604
347293047
347293054
347297104
347299021
347301407
347301408
347302010
347302034
347303055
347303058
347303066
347303098
347303255
347304005
347305152
347305610
347306004
347306029
347306179
347308010
347308156
347308170
347309016
347309033
347310002
347311000
347312416
347314134
347314135
347314401
347316058
347316103
347323018
347325012
347338549
347339347
347339408
347339455
347340110
347340337
347340340
347340477
347340515
347341540
347341655
347341674
347345708
347346630
347347533
347347539
347348534
347348577
347348639
347348729
347349477
347349575
347350514
347350541
347352314
347352384
347352534
347353221
347353429
347353467
347356407
347356465
347360894
347361673
347362107
347362108
347363399
347366068
347366069
347368084
347370201
347370202
347370207
347370210
347370218
347370222
347370225
347370231
347370232
347370236
347370238
347370240
347370480
347371034
347372000
347372078
347372122
347372123
347372145
347373015
347374000
347374016
347374017
347374022
347374179
347375033
347375035
347375086
347376002
347376003
347376011
347376155
347376183
347377017
347377488
347378009
347378137
347379176
347379297
347381003
347381341
347382076
347382077
347382092
347382139
347384027
347384164
347384228
347385001
347385003
347386138
347391055
347391120
347391362
347394050
347394095
347394592
347394595
347394596
347394611
347394613
347394618
347394620
347394621
347394625
347394628
347394632
347394636
347394640
347394641
347395064
347397059
347397311
347399035
347399142
347401106
347401159
347401198
347401279
347402069
347402100
347402113
347403657
347404008
347404343
347405703
347406296
347406338
347407010
347407043
347407046
347407091
347407302
347408026
347408135
347408370
347409076
347409078
347410002
347410107
347415281
347417584
347418624
347419489
347419497
347421111
347422038
347422124
347422226
347423262
347424332
347425060
347425061
347425074
347425086
347426064
347426330
347427035
347427067
347427452
347428050
347429010
347429311
347430080
347431111
347431112
347432117
347433063
347434130
347439219
347439295
347440011
347440014
347440892
347441008
347441040
347441048
347441270
347441306
347441310
347441323
347442128
347442129
347442313
347442326
347444009
347444167
347444176
347444183
347444184
347444201
347444221
347445037
347445042
347445047
347446045
347446225
347446240
347447215
347447947
347449345
347449384
347450347
347451016
347452075
347452076
347452323
347453028
347454042
347454043
347454050
347455005
347455006
347457061
347457361
347459314
347459550
347459723
347460384
347460387
347460460
347461197
347461198
347461351
347461409
347462218
347462279
347462357
347462371
347463349
347464334
347464339
347464434
347464450
347464469
347464471
347465235
347466234
347466236
347466300
347466307
347467320
347467365
347468183
347468385
347469253
347469311
347477716
347477717
347477718
347477859
347478232
347478233
347478673
347482274
347483046
347484256
347485070
347494080
347494287
347496012
347496054
347496092
347497115
347497127
347497131
347497168
347497204
347498033
347498044
347498112
347498113
347498118
347498124
347498240
347499015
347499047
347499059
347499123
347500005
347500009
347500014
347500038
347500063
347500101
347500137
347500187
347502044
347502069
347503028
347503030
347503121
347503128
347503163
347503179
347503208
347504069
347504110
347505038
347505200
347506078
347507848
347508012
347509015
347510021
347510024
347511160
347511868
347511869
347511870
347513679
347513680
347513681
347515036
347515037
347525537
347527210
347527407
347528261
347528280
347529029
347529090
347529091
347530009
347530101
347530299
347531008
347531021
347531022
347531039
347531275
347531291
347531354
347532125
347532153
347532154
347532156
347534119
347534127
347535053
347535298
347536009
347536275
347538027
347538032
347538230
347538248
347539032
347539116
347540002
347540007
347540139
347540146
347544828
347544829
347545705
347546745
347546746
347555003
347555295
347556000
347556011
347556037
347556224
347556281
347557813
347558363
347559064
347559067
347560228
347561004
347561008
347561010
347561013
347561329
347562015
347563007
347563008
347563059
347564194
347564242
347565008
347565010
347565051
347565310
347567016
347567053
347568006
347568052
347568053
347568058
347568059
347568061
347568387
347571371
347571372
347571493
347571533
347571534
347571704
347571705
347572743
347573762
347575675
347575676
347578010
347580184
347580317
347580533
347583105
347583198
347584039
347584091
347584144
347584187
347584654
347584734
347585099
347587078
347588116
347588229
347588571
347589746
347590429
347590449
347590572
347591135
347591160
347591186
347591399
347591542
347591571
347592042
347593010
347593110
347593173
347593594
347594011
347594012
347594061
347594694
347594773
347595099
347595157
347595172
347596158
347596167
347598010
347599080
347607006
347607007
347611010
347619973
347621405
347621406
347621431
347621432
347621433
347624210
347627558
347628178
347628418
347628602
347635077
347635899
347635902
347635903
347635904
347635905
347635906
347635907
347635908
347636495
347638439
347638440
347638441
347638442
347638443
347638444
347638445
347638446
347638447
347638448
347638449
347638450
347641032
347641059
347641062
347641063
347641094
347642071
347642075
347642119
347643052
347643093
347643096
347644085
347647064
347647113
347647116
347647119
347648044
347648045
347648078
347649689
347651011
347651171
347652067
347652084
347653039
347653041
347653113
347655269
347655627
347656000
347656732
347656811
347657006
347657027
347658010
347658087
347658263
347658271
347660002
347660286
347660287
347660379
347660380
347660381
347660382
347660383
347660384
347660385
347660386
347660387
347660388
347660469
347661917
347662478
347665152
347693000
347693041
347693048
347694076
347695053
347695083
347695180
347695181
347696057
347696114
347697021
347697028
347698004
347698048
347698179
347701034
347701035
347701374
347701376
347703171
347705083
347705175
347707018
347707021
347708057
347709176
347709177
347710029
347710039
347711495
347713477
347713479
347713481
347714320
347714321
347723278
347723283
347724019
347724021
347724495
347725155
347725261
347725319
347725589
347728214
347730009
347731563
347733175
347734778
347736020
347736030
347736078
347737039
347738528
347740251
347741003
347741033
347742437
347742438
347743160
347743273
347744173
347748311
347750214
347751119
347758133
347758956
347759099
347759201
347759262
347759563
347759564
347759883
347760105
347762032
347762294
347762840
347762904
347762907
347762911
347762913
347762987
347763009
347763048
347763592
347763870
347765036
347765159
347765303
347765385
347765764
347766030
347766049
347766396
347766471
347766687
347770001
347772157
347772160
347772925
347773160
347773889
347773890
347773921
347774146
347774147
347774219
347774221
347774310
347774498
347777000
347777001
347777002
347777003
347779802
347779804
347779806
347779808
347780156
347781316
347784807
347785617
347787084
347791190
347791191
347791192
347791193
347799809
347799817
347801987
347803803
347805465
347806108
347807548
347808137
347808317
347808318
347808319
347808320
347808488
347809230
347809231
347809232
347809570
347809721
347809722
347809723
347809725
347812159
347812160
347813030
347814104
347815660
347816007
347816017
347819257
347825191
347825585
347826247
347826616
347827296
347827513
347827540
347827547
347827678
347827687
347828342
347828594
347829386
347829734
347829741
347829743
347830162
347830268
347830276
347830298
347830543
347831711
347832369
347832380
347832399
347832832
347834668
347834798
347835064
347835311
347835681
347835859
347836207
347836384
347836478
347838626
347838627
347838678
347839124
347839126
347839189
347839433
347840055
347840527
347841450
347843219
347844715
347845315
347847109
347847110
347849185
347853447
347855540
347856740
347864212
347864231
347864266
347864286
347864467
347865106
347865230
347865283
347865475
347865478
347866233
347866308
347866492
347866585
347867107
347867109
347867119
347867129
347867180
347867220
347868207
347868235
347868298
347868601
347869281
347869302
347869353
347869683
347870065
347870120
347870136
347870278
347870480
347870506
347871087
347871088
347871329
347873169
347873248
347873277
347873283
347874087
347874182
347874317
347874367
347875567
347876529
347876604
347877002
347877003
347877006
347877643
347878427
347878429
347878430
347878432
347878434
347878435
347879104
347879469
347879470
347880082
347880083
347880351
347881324
347881614
347882000
347882001
347882349
347882351
347882354
347883585
347883643
347883742
347883930
347884326
347884327
347884328
347884329
347889040
347889095
347889133
347890083
347890672
347891035
347891132
347891215
347891216
347891340
347892060
347892072
347892113
347893116
347893133
347893211
347893281
347893338
347894067
347894072
347894099
347894126
347895009
347895045
347895050
347895057
347895066
347895245
347896031
347897044
347897073
347897108
347898205
347898206
347898647
347898648
347898651
347898653
347898818
347899050
347899056
347899123
347899189
347901052
347901082
347901089
347901095
347901112
347901114
347901152
347902086
347902104
347902134
347902144
347902160
347902185
347902485
347903051
347903124
347903136
347903393
347904747
347905059
347905421
347905478
347906000
347906056
347906057
347906706
347907021
347907210
347907546
347907547
347907864
347909533
347911145
347915071
347915161
347915303
347915360
347915401
347915600
347916017
347916020
347916040
347916155
347916806
347917109
347917114
347917298
347917299
347917301
347917303
347917304
347917305
347917306
347917307
347917308
347917309
347918001
347918013
347918065
347918066
347918096
347918118
347918153
347918483
347918535
347918851
347918934
347919121
347919122
347919537
347919538
347919653
347919655
347919662
347921088
347921095
347921276
347921289
347921408
347921487
347921874
347921896
347922031
347922078
347922085
347922086
347922132
347922300
347923047
347923049
347923085
347923261
347924004
347924933
347925013
347925067
347925069
347925095
347925102
347925142
347925244
347925738
347925748
347925779
347925929
347926062
347926125
347927043
347927101
347927104
347927109
347927409
347927937
347927984
347928053
347928059
347928082
347928200
347928864
347928865
347928939
347928944
347928969
347928997
347929135
347930521
347930587
347930908
347931083
347931086
347931087
347931097
347932019
347932020
347932103
347932684
347932685
347932686
347932687
347933058
347933059
347933060
347933065
347933072
347933344
347933346
347933347
347956632
347962000
347962184
347962217
347962649
347963142
347971678
347979079
347981199
347984121
347991392
347991393
347991394
347993170
347993563
347993564
347995046
347995325
347999130
347999236
347999274
347999278
347999285
347999322
3480
348002000
348002008
348002481
348002519
348002545
348002546
348002618
348003083
348003280
348003311
348003340
348003369
348003423
348004031
348004147
348004227
348004238
348004363
348004575
348004914
348005123
348005484
348005546
348005560
348005596
348005691
348006011
348006183
348006491
348006730
348006808
348006871
348007089
348007106
348007513
348007584
348007706
348007715
348007719
348007750
348007761
348007831
348009549
348009551
348010095
348010106
348010122
348010355
348010466
348010514
348010523
348010556
348010561
348012120
348012607
348012699
348012798
348013118
348013241
348013500
348013710
348029566
348029567
348029569
348040986
348040987
348040988
348042526
348042528
348043102
348043103
348048179
348054833
348065876
348065877
348065878
348065879
348065892
348066648
348066649
348066650
348066868
348066869
348067609
348067610
348067611
348067619
348068896
348069257
348069279
348069280
348069813
348069927
348069928
348070192
348070193
348070195
348070197
348070215
348071219
348071220
348071221
348071231
348074179
348074184
348074193
348075309
348075314
348076123
348077023
348079161
348080066
348080067
348087226
348087229
348087235
348089023
348089026
348089052
348089058
348089069
348089138
348089151
348089159
348089165
348089181
348090016
348090105
348090114
348091021
348091022
348091030
348091032
348091084
348091267
348092002
348092042
348092170
348092185
348094432
348098016
348098017
348098073
348098080
348098097
348098102
348098340
348098390
348098402
348099018
348099019
348099153
348099161
348099170
348099302
348100011
348100037
348100191
348100415
348102038
348102093
348102115
348102247
348102297
348103046
348103083
348103294
348104126
348104137
348104140
348105012
348105034
348105151
348105183
348105280
348108621
348108624
348108627
348110458
348110459
348111580
348112322
348112335
348112336
348112340
348113677
348114641
348115394
348127022
348127084
348127086
348127109
348127251
348127291
348127534
348127535
348127560
348127563
348127570
348127573
348127634
348128133
348128148
348128150
348128154
348128385
348128631
348128754
348128821
348128916
348129182
348129246
348130416
348130417
348130600
348130603
348130604
348131052
348131053
348131054
348131561
348131562
348131563
348131565
348132000
348132514
348132709
348132710
348132711
348132712
348132717
348133031
348133115
348133117
348133160
348133163
348133164
348133232
348133270
348133273
348133576
348133580
348133606
348133620
348133621
348133623
348134084
348134091
348134092
348134133
348134134
348134154
348134234
348134353
348134356
348134425
348134517
348134525
348134542
348134543
348134565
348134566
348135017
348135072
348135110
348135293
348135352
348135492
348135626
348135627
348135656
348135657
348135659
348135678
348135699
348136126
348136161
348136275
348136281
348136438
348136518
348136650
348136659
348136665
348136667
348137272
348137455
348137576
348138014
348138021
348138063
348138082
348138092
348138097
348138149
348138150
348138211
348138296
348138484
348138490
348138491
348138506
348139032
348139134
348139570
348139588
348139608
348139609
348140037
348140085
348140656
348140674
348140701
348141009
348141056
348141057
348141105
348141201
348141393
348141489
348141519
348142494
348143521
348143522
348143523
348143524
348143720
348143721
348143822
348143823
348143836
348143841
348144768
348144769
348144895
348145009
348145170
348145185
348145217
348145254
348145491
348145545
348145584
348145592
348145623
348145636
348145796
348146059
348146142
348146438
348146617
348146626
348146648
348146659
348147970
348148127
348150512
348151771
348153404
348154310
348154311
348154485
348157731
348157732
348158791
348158793
348158795
348160640
348160646
348160647
348161730
348161734
348162629
348162632
348163349
348163350
348163364
348163365
348163370
348163374
348163379
348163747
348163753
348163755
348163762
348163763
348163937
348164349
348164350
348165004
348165005
348165008
348165112
348166551
348166552
348167550
348168243
348168244
348168245
348168246
348172125
348172159
348172160
348172164
348172168
348173001
348173007
348174026
348174027
348175013
348175052
348175054
348175057
348176031
348176066
348176094
348176122
348177171
348177178
348177179
348177189
348178175
348179012
348180003
348180159
348180161
348181003
348181007
348181033
348181049
348181073
348181076
348182010
348182011
348182042
348182064
348182139
348183373
348183374
348183376
348183377
348183378
348183379
348184381
348185110
348185264
348185292
348185305
348186106
348186126
348186138
348186176
348186179
348186181
348186185
348187263
348187264
348190896
348193697
348193698
348193699
348193700
348194969
348195143
348195144
348195821
348196875
348196987
348198283
348198326
348198774
348199119
348199120
348199734
348207000
348209000
348212083
348212168
348214004
348215136
348216119
348218001
348218002
348218027
348220000
348220255
348222076
348225101
348225102
348225103
348225300
348225301
348232039
348232135
348237770
348237771
348237772
348237785
348238828
348238829
348238830
348238966
348238967
348238968
348238970
348238971
348238972
348238974
348238975
348238976
348238978
348238980
348238982
348240000
348240001
348246305
348246306
348246307
348247000
348250013
348250506
348250611
348250674
348252075
348252755
348253063
348253103
348253162
348253167
348253168
348253172
348253271
348254000
348254006
348254012
348254040
348254043
348254044
348254045
348254072
348254112
348255119
348255126
348255165
348255231
348255276
348256052
348256082
348256084
348256089
348256137
348256138
348256142
348256172
348256181
348256192
348256342
348257005
348257007
348257062
348257066
348257072
348257073
348257075
348257092
348257105
348257110
348257112
348258033
348258093
348258104
348258134
348258148
348258150
348258154
348258328
348258334
348259089
348259093
348259098
348259161
348259166
348259218
348260003
348260006
348260045
348260113
348261016
348261022
348261093
348261095
348261123
348261126
348261390
348262013
348262014
348262065
348262098
348262148
348262154
348264079
348264080
348264085
348264105
348264107
348264352
348265007
348265072
348265079
348265122
348265127
348265135
348265190
348266712
348266729
348268055
348268056
348268057
348268058
348268059
348268060
348269001
348269797
348270111
348270112
348274314
348274330
348274420
348275424
348275425
348275427
348275435
348275440
348275442
348275532
348275533
348275650
348276180
348276638
348276639
348276804
348276805
348277206
348277207
348277208
348278336
348278337
348279062
348279067
348279470
348280018
348280511
348280519
348280560
348280561
348281163
348283073
348283503
348283510
348283511
348283512
348283522
348283525
348283528
348283547
348283717
348284051
348284441
348284452
348284453
348284456
348284465
348284481
348285988
348285989
348285991
348285992
348285993
348285995
348286053
348286473
348286489
348286533
348287350
348287418
348287456
348287540
348290378
348290388
348290435
348291499
348291503
348291667
348292027
348292028
348292032
348292389
348292392
348292402
348292408
348294828
348294829
348296640
348296646
348296647
348296676
348296677
348297819
348298670
348300368
348300369
348300371
348300372
348301710
348301712
348301713
348301714
348301715
348301814
348301818
348301819
348302042
348302043
348302044
348302045
348302046
348302047
348302048
348302049
348302050
348302052
348303336
348303339
348309172
348309173
348309174
348309175
348310020
348311027
348311184
348311324
348311629
348311907
348311910
348311964
348312035
348312040
348312086
348312087
348312107
348312108
348312115
348312201
348312281
348312955
348312959
348312962
348313064
348313090
348313093
348313094
348313096
348313100
348313219
348313347
348313371
348313628
348313691
348313925
348313929
348313975
348314073
348314097
348314098
348314163
348314174
348314175
348314181
348314249
348314253
348314366
348314372
348314952
348315979
348316235
348316236
348316237
348316314
348316321
348316422
348316439
348316990
348316994
348317000
348317075
348317087
348317089
348317186
348317187
348317260
348317262
348317742
348317861
348317886
348317888
348317889
348317890
348317929
348317930
348317931
348318021
348318028
348318031
348318063
348318127
348318152
348318156
348318180
348318236
348318758
348318882
348318886
348318915
348318947
348319002
348319068
348319071
348319083
348319087
348319171
348319196
348319305
348319932
348319938
348319982
348320266
348320446
348320847
348320973
348320974
348320981
348321050
348321051
348321066
348321241
348321249
348321376
348321766
348321902
348321904
348321912
348321947
348321949
348321951
348321954
348321968
348321997
348322124
348322128
348322132
348322133
348322135
348322137
348322158
348322164
348322168
348322218
348322251
348322428
348322852
348322853
348322862
348322912
348322946
348322971
348323421
348323422
348323448
348323452
348323453
348323457
348323481
348324000
348324005
348324056
348324152
348324815
348324830
348324846
348324885
348324904
348324937
348326269
348326433
348327147
348327148
348327729
348327730
348328220
348328221
348328703
348329167
348329172
348329179
348329184
348330241
348330242
348330436
348330442
348330444
348330445
348331818
348332052
348332054
348332055
348332063
348332141
348332489
348332660
348336127
348340723
348341709
348345535
348345536
348347403
348348019
348348110
348348246
348348309
348348315
348350880
348350881
348351800
348351817
348351818
348354644
348355418
348355587
348355588
348355685
348356071
348356955
348356962
348358166
348358168
348359012
348359069
348359116
348359168
348359438
348362036
348363042
348363043
348363047
348364070
348364073
348364096
348365151
348365243
348366051
348367038
348369594
348369595
348373059
348374111
348377116
348377117
348377118
348377119
348377120
348380034
348380884
348380911
348381018
348381128
348381205
348381213
348381231
348382135
348383011
348383019
348383046
348383079
348383133
348383175
348383239
348383419
348384032
348384033
348384034
348384769
348384776
348384779
348384862
348385040
348385052
348385080
348385117
348385131
348385151
348386014
348386024
348386027
348386110
348386143
348387014
348387015
348387040
348387044
348387047
348387073
348387164
348387173
348388036
348388040
348388055
348388127
348388134
348388176
348389003
348389112
348389149
348389277
348390014
348390015
348390037
348390040
348390154
348390161
348390300
348391021
348391022
348391028
348391093
348391095
348391145
348392038
348392049
348392058
348392099
348392308
348393015
348393081
348393220
348393287
348393288
348393293
348394347
348394829
348394845
348395000
348395034
348395473
348395474
348395475
348395878
348395883
348395884
348396009
348396015
348397615
348397616
348397617
348397621
348397624
348397626
348398639
348398641
348398652
348399824
348399825
348400593
348400594
348401715
348404987
348404988
348404989
348405299
348409044
348409113
348409130
348409199
348409319
348410023
348410027
348410029
348410033
348410132
348410175
348411168
348411173
348411174
348411177
348411179
348411325
348412802
348412825
348412948
348412959
348413072
348413124
348413150
348414033
348414035
348414175
348415098
348415100
348415205
348415209
348416017
348416022
348416123
348416155
348416158
348416180
348416213
348416307
348417185
348417277
348417428
348417886
348417889
348417898
348418037
348418046
348418136
348418263
348419018
348419023
348419046
348419071
348419075
348419105
348419130
348419204
348421570
348422010
348422015
348422017
348422076
348422083
348422091
348422092
348422108
348422185
348422188
348422201
348423615
348423616
348423698
348423700
348423701
348424056
348424059
348424060
348424061
348424165
348424228
348425375
348425376
348426697
348426698
348426779
348427013
348427179
348427200
348428326
348428327
348428328
348428600
348428601
348428602
348428902
348428903
348428904
348428905
348428906
348428907
348429419
348430052
348430428
348431047
348431073
348431077
348431452
348433203
348435311
348440226
348440227
348440228
348441062
348441096
348442011
348442016
348442054
348442125
348442128
348442154
348442156
348442227
348443453
348443454
348443455
348443632
348443633
348444038
348444047
348444049
348444097
348444117
348444169
348444170
348444179
348444207
348444209
348444223
348444278
348445122
348445906
348445907
348446036
348446037
348446048
348446055
348446074
348446079
348446091
348446096
348446097
348446098
348446153
348446207
348446215
348446228
348447036
348447106
348447131
348447158
348447180
348448735
348450074
348450076
348450112
348450117
348450202
348450261
348452076
348452129
348453009
348453037
348453081
348453091
348453099
348453130
348453131
348453153
348454044
348454047
348454048
348454159
348454185
348454186
348454300
348454332
348455077
348455084
348455087
348455124
348455140
348455144
348455176
348455184
348455185
348455214
348455218
348455222
348455334
348456007
348456015
348456016
348456053
348456056
348456066
348457007
348457025
348457078
348457169
348457170
348457173
348457182
348457184
348457187
348458055
348458106
348458113
348458142
348458145
348458148
348458157
348459006
348459007
348459016
348459094
348459105
348459115
348459133
348459351
348460747
348460868
348461140
348461621
348462217
348462218
348462820
348462821
348463270
348463473
348463474
348463475
348463639
348465028
348465149
348465431
348465773
348466917
348466918
348468873
348468874
348468875
348468876
348468877
348469484
348470614
348470883
348471318
348471319
348471642
348480005
348481041
348481067
348481074
348483472
348483553
348483554
348483555
348483747
348483995
348490990
348491292
348491660
348491948
348492211
348492286
348492685
348492686
348492687
348492902
348492903
348492904
348494964
348495818
348505541
348540890
348540943
348540944
348542770
348542775
348543874
348543876
348543883
348545607
348546593
348546597
348547902
348547908
348547909
348547932
348548359
348548362
348548373
348548635
348549439
348550557
348550558
348551998
348552148
348552149
348552150
348552177
348552816
348553054
348553078
348553080
348553089
348553097
348554092
348555069
348555107
348555152
348555538
348555539
348555540
348555541
348555612
348556068
348556463
348556471
348556472
348556481
348556482
348556483
348556484
348562149
348565156
348566936
348567481
348568432
348569541
348572067
348578244
348578437
348579355
348579788
348580799
348581463
348583753
348583946
348583947
348584601
348588259
348588788
348591092
348592132
348593136
348596342
348597034
348597179
348599781
348599888
348600662
348600908
348602823
348604418
348604686
348604964
348605713
348605714
348605908
348606215
348606218
348606221
348606241
348606829
348606830
348606858
348606941
348606961
348607286
348607362
348607521
348607984
348608133
348608215
348608222
348608377
348608424
348608836
348608842
348608893
348609260
348609329
348609524
348609954
348609982
348609985
348609987
348610003
348610029
348610061
348610266
348610690
348610695
348610723
348610813
348610814
348610832
348610854
348610911
348610917
348610930
348610970
348611003
348611005
348611442
348611443
348611444
348611449
348611450
348613126
348613158
348617574
348617706
348617714
348617725
348617742
348617872
348617874
348617897
348617993
348618227
348618440
348618618
348618644
348618729
348618771
348618784
348618841
348619602
348619603
348619605
348619639
348619751
348619752
348619815
348619829
348619871
348620009
348620465
348620467
348620495
348620502
348620587
348620590
348620591
348620593
348620636
348620743
348620772
348629321
348629479
348629482
348629612
348631380
348631383
348631401
348631402
348631507
348631513
348631612
348637943
348637944
348638911
348638912
348638913
348638914
348638915
348638916
348642892
348643124
348643147
348643148
348643239
348643244
348643260
348643267
348643270
348643277
348643336
348643884
348643898
348643899
348643903
348643916
348643918
348646187
348646188
348646189
348648001
348648004
348648006
348648007
348648013
348648115
348648140
348648142
348648155
348648164
348648629
348648690
348648733
348648770
348648774
348648844
348648853
348648907
348648911
348648928
348648984
348650412
348656284
348657679
348664027
348664036
348664162
348664172
348664187
348664192
348664209
348664829
348664835
348664845
348664847
348664859
348664863
348664936
348664938
348664999
348666363
348666724
348667284
348667286
348667287
348667288
348667556
348667610
348667613
348667614
348667615
348667616
348667617
348667618
348667619
348667620
348667621
348667622
348667625
348667626
348668192
348668564
348668950
348669293
348669294
348670725
348670726
348670727
348670825
348670850
348671628
348672636
348672864
348674071
348674072
348674073
348674074
348674075
348674076
348674217
348674218
348674219
348674220
348674221
348674222
348674223
348674419
348675065
348675090
348675157
348675189
348675246
348675800
348675826
348675832
348675840
348675882
348675883
348675896
348675934
348676560
348676565
348676570
348676573
348676577
348676589
348676614
348676619
348676627
348676657
348676684
348676685
348676780
348677015
348677216
348677217
348677847
348677848
348677849
348678827
348678828
348678831
348678832
348678834
348678836
348680399
348680433
348680460
348680477
348680486
348680488
348680528
348680606
348681558
348681596
348681610
348681615
348681623
348681664
348681715
348682272
348682286
348682303
348682308
348682310
348682315
348682320
348682332
348682335
348682379
348682401
348682403
348682415
348682530
348682542
348683452
348683461
348683465
348683471
348683473
348683480
348683482
348683488
348683535
348683591
348683633
348684082
348684319
348684321
348684359
348684362
348684381
348685076
348685114
348685144
348685147
348685149
348685159
348685170
348685178
348685180
348685220
348685283
348686057
348686197
348686222
348686250
348686251
348686306
348686312
348686340
348686368
348686371
348686466
348687865
348688538
348688539
348688540
348689121
348689707
348689708
348689709
348689710
348689711
348689995
348689996
348689997
348689998
348690248
348690254
348690255
348690256
348690264
348690266
348690267
348690268
348690269
348691018
348691019
348691794
348692182
348692184
348692185
348692187
348692188
348692237
348693053
348693054
348693413
348693436
348695000
348695076
348695081
348703015
348703034
348703051
348703055
348703062
348703067
348703087
348703089
348703112
348703130
348703135
348703147
348705009
348705014
348705051
348705068
348705080
348705113
348705126
348705153
348705154
348705182
348705194
348705201
348705205
348705237
348706003
348706013
348706026
348706084
348706120
348706124
348707020
348707023
348707097
348707101
348707103
348707106
348707141
348707157
348707185
348707247
348707250
348707282
348708128
348708288
348708463
348708466
348708505
348708598
348708682
348708684
348708685
348708686
348708958
348708959
348708967
348709007
348709051
348709053
348709129
348709136
348709148
348709167
348709169
348709192
348709517
348710028
348710029
348710030
348710051
348710069
348710076
348710077
348710079
348710131
348710200
348711011
348711014
348711057
348711108
348711110
348711119
348711126
348711158
348711159
348711163
348711189
348712128
348712142
348712198
348712199
348713000
348713026
348713039
348713090
348713092
348713095
348713135
348713137
348713141
348713144
348713146
348714003
348714004
348714011
348714019
348714020
348714021
348714200
348714215
348714221
348714251
348714266
348714296
348714555
348714578
348715083
348715151
348715183
348715184
348715199
348715326
348715446
348715449
348715450
348715453
348715675
348716050
348716056
348716308
348716351
348716608
348716650
348716652
348716653
348716715
348716716
348716718
348716721
348716724
348716727
348716728
348716729
348717011
348717013
348717076
348717103
348717104
348717111
348717150
348717179
348717181
348717186
348717206
348717219
348717221
348718017
348718018
348718027
348718028
348718029
348718031
348718109
348718171
348718174
348718623
348718627
348718628
348718629
348718632
348718634
348719126
348719158
348719162
348719729
348719730
348719732
348720268
348720277
348720289
348720292
348720495
348720515
348720519
348720549
348720581
348720712
348721035
348721040
348721041
348721126
348721131
348721134
348721135
348721162
348721183
348721270
348722001
348722002
348722003
348722094
348722115
348722257
348722533
348722660
348722661
348722665
348723019
348723217
348723506
348723519
348723528
348723529
348723532
348723534
348723661
348723662
348723663
348727071
348727120
348727132
348727134
348727135
348727136
348727187
348727203
348727260
348727290
348727309
348727335
348727369
348727392
348727449
348728503
348728504
348728510
348728511
348728519
348728523
348729092
348729130
348729195
348729317
348729319
348729388
348729470
348730113
348730220
348730235
348730249
348730257
348730258
348730272
348730274
348730283
348730322
348730331
348730431
348731036
348731085
348731110
348731114
348731152
348731168
348731176
348731179
348731187
348731194
348731223
348731270
348731283
348731345
348731347
348731359
348732090
348732125
348732151
348732161
348732165
348732168
348732225
348732230
348732231
348732232
348732233
348732305
348732360
348732365
348733043
348733152
348733193
348733203
348733207
348733231
348733232
348733233
348733236
348733242
348733243
348733262
348733263
348733267
348733271
348733272
348733274
348733277
348733303
348733304
348733348
348733400
348733457
348733512
348734097
348734150
348734171
348734180
348734184
348734187
348734190
348734339
348734347
348735057
348735068
348735126
348735156
348735203
348735273
348735325
348735432
348736089
348736125
348736143
348736144
348736145
348736207
348736286
348736349
348737013
348737021
348737023
348737118
348737126
348737130
348737135
348737152
348737172
348737222
348737315
348738047
348738054
348738134
348738161
348738163
348738210
348738218
348738296
348738378
348738423
348738425
348739019
348739027
348739051
348739073
348739074
348739081
348739082
348739089
348739090
348739146
348739155
348739162
348739216
348739217
348739219
348739223
348739253
348739288
348740492
348740493
348740494
348742367
348742767
348742770
348745412
348745745
348745746
348745747
348745748
348745829
348745831
348745993
348747326
348747355
348748536
348748996
348748997
348750736
348751329
348751331
348751332
348751333
348751574
348751575
348751576
348751577
348752582
348752743
348752744
348753447
348753448
348753555
348753648
348754082
348754259
348754423
348754424
348754692
348754709
348754721
348754981
348755205
348755369
348755370
348755371
348755372
348755373
348755374
348755486
348756071
348756401
348756402
348756403
348756404
348756405
348756406
348756407
348756408
348756409
348756410
348757076
348757157
348757273
348757275
348757568
348757569
348759762
348759765
348762445
348767384
348770137
348770199
348770216
348770269
348770275
348770300
348770331
348770456
348770457
348770467
348770469
348770524
348770694
348770698
348770720
348770724
348770725
348771235
348771236
348771270
348771307
348771323
348771391
348771440
348771454
348771481
348771499
348771512
348771593
348771872
348771874
348771880
348772207
348772208
348772209
348772214
348772215
348772240
348772264
348772645
348773152
348773159
348773175
348773177
348773190
348773192
348773197
348773229
348773236
348773242
348773247
348773355
348773390
348773397
348773438
348773619
348773624
348773681
348773684
348774109
348774236
348774243
348774245
348774255
348774267
348774270
348774459
348774465
348774466
348774512
348774824
348774828
348774830
348775199
348775200
348775201
348775202
348775236
348775295
348775315
348775341
348775464
348775475
348775478
348775622
348775753
348775754
348776187
348777168
348777193
348777197
348777198
348777202
348777212
348777217
348777225
348777231
348777233
348777265
348777267
348777268
348777272
348777274
348777368
348777378
348777395
348777398
348777984
348778162
348778186
348778193
348778201
348778235
348778249
348778251
348778258
348778298
348778356
348778360
348778378
348778379
348778388
348778682
348778975
348779144
348779163
348779164
348779173
348779192
348779197
348779204
348779237
348779317
348779393
348779479
348779499
348779700
348779875
348780074
348780104
348780108
348780177
348780182
348780229
348780236
348780238
348780255
348780259
348780268
348780460
348780461
348780501
348780738
348780785
348781234
348781235
348781240
348781250
348781276
348781372
348781393
348781398
348781399
348781408
348781730
348782186
348782213
348782215
348782299
348782300
348782301
348782302
348783200
348783201
348783262
348783265
348783266
348783268
348783301
348783303
348783307
348783351
348783416
348783426
348784713
348784715
348784717
348784718
348785001
348785228
348785229
348785340
348785346
348785348
348785349
348785353
348786398
348787241
348787252
348787253
348787254
348787255
348788024
348788067
348789062
348790606
348790908
348790909
348791518
348791708
348791996
348791997
348792209
348792400
348792637
348792639
348793078
348793080
348793160
348793161
348794540
348794561
348794562
348795213
348795214
348795215
348795250
348795251
348795252
348795253
348795254
348796060
348796061
348796062
348796063
348796064
348796065
348796066
348796067
348796068
348796193
348796195
348796240
348796900
348796901
348797199
348797200
348797201
348797202
348797203
348797891
348797953
348797955
348797956
348797959
348798235
348798307
348798579
348798736
348800434
348800435
348800436
348800437
348800438
348800439
348800440
348800441
348800442
348800443
348800444
348800445
348800446
348800447
348800448
348800449
348800450
348800451
348800452
348800453
348800454
348800455
348800456
348800457
348800458
348802295
348828554
348834291
348834296
348834357
348836281
348836306
348836417
348837258
348837287
348838199
348838289
348838291
348839052
348839084
348839091
348839093
348839102
348839167
348839236
348840042
348840057
348840109
348840126
348841072
348841108
348841113
348841121
348841237
348852040
348852067
348856036
348856131
348856150
348856154
348856159
348860229
5355
5356
5477
5832
8586
8676
9061
9208
9467
9506
